2 0.493827 0.951241 0.587510 0.046617
0 0.493841 0.907144 0.586519 0.045883
2 0.493868 0.819395 0.584547 0.044428
0 0.493895 0.732233 0.582588 0.042991
2 0.493922 0.645654 0.580642 0.041572
2 0.493935 0.602580 0.579674 0.040870
2 0.493962 0.516601 0.577747 0.040194
2 0.493975 0.473957 0.576788 0.040619
2 0.493988 0.431454 0.575833 0.041042
2 0.494001 0.389092 0.574881 0.041461
2 0.494014 0.346869 0.573932 0.041877
2 0.494040 0.262840 0.572043 0.042701
3 0.494053 0.200096 0.571103 0.084981
3 0.494078 0.117028 0.569233 0.085513
1 0.494104 0.055165 0.567375 0.044710
2 0.493949 0.559620 0.578709 0.040231
2 0.494027 0.304785 0.572986 0.042291
2 0.493882 0.775741 0.583566 0.043707
