2 0.477503 0.975538 0.539142 0.037191
2 0.477421 0.939627 0.538948 0.045015
2 0.477439 0.899473 0.538552 0.044237
2 0.477476 0.819340 0.537764 0.042687
2 0.477512 0.739441 0.536977 0.041147
2 0.477530 0.699580 0.536585 0.040380
2 0.477548 0.659776 0.536193 0.039615
2 0.477566 0.620030 0.535802 0.038852
2 0.477603 0.540713 0.535021 0.037333
2 0.477621 0.500827 0.534632 0.037204
3 0.477639 0.441410 0.534243 0.077603
3 0.477674 0.362612 0.533467 0.078775
1 0.477710 0.303817 0.532693 0.040392
1 0.477728 0.264589 0.532307 0.041030
2 0.477746 0.225417 0.531921 0.041665
2 0.477835 0.030407 0.530002 0.044814
2 0.477764 0.186302 0.531536 0.042299
2 0.477457 0.859377 0.538158 0.043461
2 0.477584 0.580343 0.535411 0.038092
