0 0.484945 0.905032 0.605401 0.045560
2 0.484917 0.861055 0.606643 0.045288
0 0.484889 0.816898 0.607890 0.045014
2 0.484861 0.772558 0.609142 0.044736
0 0.484805 0.683329 0.611662 0.044174
2 0.484749 0.593360 0.614203 0.043601
2 0.484720 0.548094 0.615481 0.043310
2 0.484663 0.456917 0.618054 0.042879
2 0.484605 0.364908 0.620648 0.043912
2 0.484576 0.318685 0.621953 0.044579
2 0.484547 0.272268 0.623264 0.045251
2 0.484518 0.225654 0.624581 0.045929
2 0.484489 0.178844 0.625903 0.046612
2 0.484459 0.131835 0.627230 0.047300
2 0.484430 0.084626 0.628563 0.047994
2 0.484972 0.948830 0.604164 0.045829
2 0.484833 0.728036 0.610399 0.044457
2 0.484634 0.410937 0.619348 0.043250
