2 0.490325 0.953102 0.707617 0.056368
2 0.490314 0.901087 0.708200 0.055587
2 0.490304 0.848987 0.708783 0.054804
2 0.490283 0.744528 0.709953 0.053228
3 0.490262 0.666146 0.711127 0.104485
3 0.490230 0.508239 0.712895 0.102714
1 0.490209 0.375778 0.714078 0.051085
1 0.490199 0.322808 0.714671 0.052060
2 0.490167 0.163368 0.716457 0.055003
2 0.490177 0.216603 0.715861 0.054019
2 0.490251 0.587193 0.711715 0.050845
2 0.490188 0.269750 0.715266 0.053038
2 0.490293 0.796801 0.709368 0.054017
2 0.490156 0.110045 0.717054 0.055991
2 0.490220 0.428660 0.713486 0.050113
