2 0.483774 0.963300 0.639311 0.049958
2 0.483841 0.867516 0.636958 0.048422
2 0.483874 0.819887 0.635788 0.047662
2 0.483907 0.772433 0.634622 0.046907
2 0.483940 0.725152 0.633461 0.046157
3 0.483973 0.654760 0.632304 0.091980
3 0.484071 0.514214 0.628858 0.090271
1 0.484135 0.444797 0.626581 0.044358
1 0.484167 0.398706 0.625449 0.044762
2 0.484326 0.170726 0.619849 0.046733
2 0.484420 0.035885 0.616537 0.047879
2 0.484295 0.215995 0.620961 0.046345
2 0.483807 0.915320 0.638132 0.049187
2 0.484038 0.584341 0.630002 0.043939
2 0.484357 0.125618 0.618741 0.047118
