2 0.479439 0.906753 0.703980 0.050143
2 0.479454 0.854424 0.703442 0.049893
2 0.479485 0.750005 0.702369 0.049395
2 0.479500 0.697915 0.701833 0.049147
2 0.479530 0.593972 0.700764 0.048654
2 0.479560 0.490266 0.699699 0.048330
2 0.479575 0.438571 0.699168 0.048427
2 0.479591 0.386955 0.698637 0.048525
2 0.479606 0.335416 0.698107 0.048622
2 0.479621 0.283956 0.697578 0.048718
2 0.479651 0.181270 0.696522 0.048911
3 0.479680 0.053334 0.695470 0.100221
2 0.479636 0.232574 0.697050 0.048815
2 0.479424 0.959162 0.704519 0.050393
2 0.479545 0.542120 0.700231 0.048409
2 0.479515 0.645904 0.701298 0.048901
2 0.479469 0.802174 0.702905 0.049644
