2 0.491842 0.940781 0.821048 0.057412
2 0.491800 0.821099 0.824903 0.057502
2 0.491779 0.760835 0.826845 0.057547
2 0.491736 0.639454 0.830755 0.057635
2 0.491693 0.516921 0.834703 0.057723
2 0.491671 0.455206 0.836691 0.057789
2 0.491650 0.393110 0.838688 0.058104
2 0.491628 0.330815 0.840695 0.058616
2 0.491606 0.268221 0.842711 0.059131
2 0.491562 0.142129 0.846774 0.060176
2 0.491539 0.078626 0.848819 0.060705
2 0.491584 0.205326 0.844738 0.059652
2 0.491821 0.881080 0.822971 0.057457
2 0.491715 0.578333 0.832724 0.057679
