1 0.485450 0.916369 0.651601 0.045544
1 0.485473 0.867662 0.650578 0.045395
2 0.485741 0.294879 0.638546 0.043724
2 0.485608 0.578601 0.644506 0.044514
2 0.485427 0.965230 0.652628 0.045694
2 0.485850 0.062421 0.633663 0.043089
2 0.485763 0.248101 0.637564 0.043596
2 0.485630 0.530945 0.643505 0.044375
2 0.485495 0.819108 0.649558 0.045246
2 0.485785 0.201467 0.636584 0.043468
2 0.485719 0.341800 0.639532 0.043853
2 0.485675 0.436080 0.641512 0.044112
2 0.485518 0.770706 0.648542 0.045098
2 0.485653 0.483439 0.642507 0.044243
2 0.485697 0.388867 0.640520 0.043982
