2 0.506785 0.965945 0.598675 0.041301
2 0.506792 0.922140 0.599306 0.041344
2 0.506806 0.834253 0.600573 0.041430
3 0.506820 0.768071 0.601846 0.085672
3 0.506842 0.635120 0.603765 0.086085
1 0.506849 0.568349 0.604408 0.041692
1 0.506856 0.523701 0.605051 0.041736
2 0.506913 0.163047 0.610251 0.042711
2 0.506899 0.253785 0.608943 0.042438
2 0.506863 0.478953 0.605696 0.041792
2 0.506827 0.701724 0.602484 0.041561
2 0.506892 0.299008 0.608291 0.042301
2 0.506906 0.208464 0.609596 0.042574
2 0.506799 0.878243 0.599939 0.041387
2 0.506884 0.344135 0.607640 0.042166
2 0.506877 0.389165 0.606991 0.042031
