2 0.503640 0.942072 0.573367 0.042777
0 0.503623 0.856050 0.571213 0.041925
2 0.503606 0.770672 0.569074 0.041085
2 0.503590 0.685930 0.566952 0.040255
2 0.503581 0.643795 0.565896 0.039845
2 0.503573 0.601817 0.564845 0.039437
2 0.503565 0.559985 0.563797 0.039051
2 0.503556 0.518207 0.562754 0.038942
2 0.503548 0.476694 0.561714 0.039056
2 0.503540 0.435334 0.560678 0.039168
2 0.503524 0.353069 0.558618 0.039389
2 0.503516 0.312163 0.557593 0.039498
2 0.503508 0.271406 0.556572 0.039606
3 0.503500 0.210542 0.555555 0.080225
3 0.503484 0.129917 0.553532 0.080141
1 0.503468 0.069840 0.551524 0.040130
1 0.503461 0.029964 0.550525 0.040232
2 0.503598 0.728222 0.568011 0.040669
