2 0.527425 0.981808 0.629220 0.010052
2 0.527422 0.956886 0.629160 0.053457
2 0.527378 0.909795 0.628269 0.052264
2 0.527334 0.862838 0.627380 0.051078
2 0.527291 0.816013 0.626494 0.049898
2 0.527247 0.769320 0.625610 0.048725
2 0.527204 0.722758 0.624729 0.047559
3 0.527161 0.653465 0.623850 0.092122
3 0.527075 0.560921 0.622100 0.089964
1 0.526947 0.445645 0.619494 0.044585
1 0.526905 0.399990 0.618629 0.045471
2 0.526863 0.354462 0.617768 0.046351
2 0.526612 0.083931 0.612648 0.051529
2 0.526821 0.309061 0.616909 0.047227
2 0.526530 0.015705 0.610960 0.011299
2 0.526654 0.128708 0.613495 0.050679
2 0.526779 0.263785 0.616052 0.048097
2 0.526695 0.173609 0.614345 0.049823
2 0.526737 0.218635 0.615197 0.048963
2 0.526990 0.491428 0.620360 0.043694
