2 0.519733 0.962706 0.808154 0.012972
2 0.519767 0.931430 0.809236 0.067439
2 0.519801 0.872068 0.810322 0.066045
2 0.519834 0.812548 0.811411 0.064643
2 0.519868 0.752867 0.812502 0.063234
2 0.519936 0.633023 0.814694 0.060391
2 0.520005 0.512532 0.816898 0.057517
2 0.520039 0.451457 0.818004 0.057239
2 0.520074 0.390635 0.819113 0.058676
3 0.520143 0.298873 0.821341 0.122328
3 0.520213 0.176561 0.823581 0.126244
1 0.520004 0.029537 0.825274 0.056798
2 0.519970 0.572859 0.815794 0.058958
2 0.519902 0.693026 0.813597 0.061816
