2 0.529904 0.969766 0.556924 0.045863
2 0.529870 0.928151 0.556337 0.045117
2 0.529802 0.845183 0.555165 0.043633
2 0.529769 0.803830 0.554581 0.042896
3 0.529735 0.742156 0.553998 0.082976
3 0.529635 0.619002 0.552257 0.080537
1 0.529569 0.557524 0.551102 0.038535
1 0.529536 0.516551 0.550526 0.038260
2 0.529371 0.313995 0.547666 0.040863
2 0.529836 0.886623 0.555750 0.044373
2 0.529209 0.113603 0.544836 0.043559
2 0.529338 0.273750 0.547098 0.041407
2 0.529470 0.435230 0.549379 0.039218
2 0.529273 0.193511 0.545964 0.042488
2 0.529176 0.073773 0.544273 0.044091
2 0.529437 0.394734 0.548807 0.039769
2 0.529503 0.475811 0.549952 0.038665
2 0.529306 0.233589 0.546530 0.041949
2 0.529144 0.034025 0.543712 0.044621
