2 0.513245 0.945450 0.690449 0.050670
2 0.513242 0.894279 0.690271 0.050301
2 0.513238 0.843135 0.690093 0.049933
2 0.513231 0.740925 0.689738 0.049198
2 0.513227 0.689860 0.689560 0.048830
3 0.513223 0.613406 0.689383 0.099293
3 0.513216 0.511280 0.689028 0.098815
1 0.513205 0.383860 0.688497 0.048292
1 0.513201 0.332978 0.688320 0.048607
2 0.513194 0.231293 0.687966 0.049238
2 0.513179 0.028237 0.687260 0.050495
2 0.513190 0.180490 0.687789 0.049552
2 0.513186 0.129713 0.687613 0.049867
2 0.513234 0.792017 0.689916 0.049565
