2 0.480885 0.957682 0.633362 0.051461
2 0.480865 0.911209 0.633929 0.050758
2 0.480846 0.864653 0.634497 0.050052
2 0.480826 0.818013 0.635067 0.049344
2 0.480806 0.771290 0.635637 0.048633
2 0.480787 0.724483 0.636209 0.047919
2 0.480767 0.677591 0.636781 0.047203
2 0.480727 0.583555 0.637929 0.045763
2 0.480708 0.536409 0.638505 0.045039
3 0.480648 0.417561 0.640238 0.092599
3 0.480608 0.322583 0.641398 0.094561
1 0.480568 0.203612 0.642563 0.049242
1 0.480547 0.155778 0.643147 0.050150
2 0.480747 0.630615 0.637355 0.046484
2 0.480507 0.059850 0.644318 0.051976
2 0.480688 0.489103 0.639082 0.044463
