2 0.508337 0.956994 0.588339 0.041078
2 0.508328 0.913057 0.587699 0.040983
2 0.508310 0.825471 0.586422 0.040793
2 0.508301 0.781821 0.585786 0.040699
2 0.508292 0.738265 0.585152 0.040605
3 0.508283 0.673142 0.584518 0.083833
3 0.508265 0.586593 0.583256 0.083459
1 0.508238 0.478894 0.581372 0.040060
1 0.508229 0.435991 0.580747 0.039979
2 0.508159 0.096060 0.575793 0.039347
2 0.508167 0.138234 0.576408 0.039425
2 0.508211 0.350461 0.579500 0.039820
2 0.508185 0.222853 0.577641 0.039582
2 0.508319 0.869217 0.587060 0.040888
2 0.508194 0.265298 0.578259 0.039661
2 0.508176 0.180498 0.577024 0.039503
2 0.508220 0.393180 0.580123 0.039899
