2 0.519275 0.969694 0.683005 0.011113
0 0.519327 0.943494 0.684553 0.056778
2 0.519379 0.893832 0.686107 0.055959
2 0.519484 0.793829 0.689237 0.054295
2 0.519537 0.743485 0.690813 0.053452
2 0.519590 0.692911 0.692396 0.052599
2 0.519644 0.642104 0.693986 0.051739
2 0.519698 0.591065 0.695583 0.050870
2 0.519752 0.539790 0.697188 0.049992
2 0.519806 0.488278 0.698800 0.049106
3 0.519971 0.357550 0.703682 0.102812
3 0.520082 0.252582 0.706975 0.106055
1 0.520138 0.173595 0.708633 0.055427
1 0.520195 0.120374 0.710299 0.056842
2 0.520252 0.066902 0.711972 0.058269
2 0.519431 0.843944 0.687668 0.055131
