2 0.520561 0.906753 0.703980 0.050143
2 0.520546 0.854424 0.703442 0.049893
2 0.520515 0.750005 0.702369 0.049395
2 0.520500 0.697915 0.701833 0.049147
2 0.520470 0.593972 0.700764 0.048654
2 0.520440 0.490266 0.699699 0.048330
2 0.520425 0.438571 0.699168 0.048427
2 0.520409 0.386955 0.698637 0.048525
2 0.520394 0.335416 0.698107 0.048622
2 0.520379 0.283956 0.697578 0.048718
2 0.520349 0.181270 0.696522 0.048911
3 0.520320 0.053334 0.695470 0.100221
2 0.520364 0.232574 0.697050 0.048815
2 0.520576 0.959162 0.704519 0.050393
2 0.520455 0.542120 0.700231 0.048409
2 0.520485 0.645904 0.701298 0.048901
2 0.520531 0.802174 0.702905 0.049644
