0 0.507262 0.959283 0.550215 0.040679
2 0.507244 0.877096 0.548970 0.040070
0 0.507235 0.836142 0.548350 0.039767
2 0.507226 0.795281 0.547731 0.039466
0 0.507208 0.713833 0.546497 0.038867
2 0.507190 0.632752 0.545269 0.038273
2 0.507181 0.592348 0.544657 0.037978
2 0.507172 0.552034 0.544046 0.037684
2 0.507163 0.511723 0.543437 0.037567
2 0.507155 0.471580 0.542829 0.037672
2 0.507137 0.391583 0.541617 0.037918
2 0.507120 0.311941 0.540411 0.038161
2 0.507111 0.272254 0.539809 0.038282
2 0.507102 0.232654 0.539209 0.038402
2 0.507094 0.193142 0.538611 0.038521
2 0.507085 0.153718 0.538014 0.038640
3 0.507068 0.055520 0.536823 0.078098
2 0.507146 0.431537 0.542222 0.037795
2 0.507217 0.754511 0.547113 0.039166
2 0.507128 0.351718 0.541013 0.038040
