0 0.530657 0.966082 0.887124 0.010670
2 0.530705 0.931671 0.888341 0.070636
0 0.530754 0.866504 0.889562 0.069439
2 0.530852 0.735632 0.892012 0.067024
2 0.530901 0.669925 0.893243 0.065806
2 0.530999 0.537968 0.895713 0.063349
2 0.531049 0.471504 0.896954 0.062532
2 0.531099 0.404616 0.898198 0.063226
2 0.531148 0.337992 0.899446 0.064824
2 0.531198 0.271183 0.900697 0.066431
2 0.531248 0.204188 0.901951 0.068046
2 0.531299 0.137006 0.903209 0.069669
2 0.531349 0.069637 0.904470 0.071302
2 0.530950 0.604038 0.894476 0.064581
