2 0.501923 0.885344 0.727078 0.051952
0 0.501928 0.832150 0.728232 0.051807
2 0.501932 0.778787 0.729390 0.051661
2 0.501942 0.671551 0.731716 0.051364
2 0.501952 0.563630 0.734056 0.051063
2 0.501956 0.509410 0.735232 0.050911
2 0.501961 0.454917 0.736412 0.050956
2 0.501966 0.400299 0.737596 0.051341
2 0.501971 0.345554 0.738783 0.051826
2 0.501976 0.290633 0.739974 0.052313
2 0.501986 0.180257 0.742368 0.053296
2 0.501991 0.124802 0.743571 0.053792
2 0.501937 0.725255 0.730551 0.051513
2 0.501947 0.617677 0.732884 0.051214
