2 0.489642 0.940594 0.695078 0.054098
2 0.489661 0.888646 0.694048 0.053238
2 0.489680 0.836851 0.693021 0.052383
2 0.489717 0.733720 0.690976 0.050687
3 0.489736 0.656998 0.689958 0.100614
3 0.489791 0.503591 0.686922 0.098714
1 0.489828 0.427629 0.684912 0.048507
1 0.489846 0.377188 0.683912 0.049046
2 0.489900 0.226747 0.680929 0.050641
2 0.489773 0.580159 0.687931 0.048178
2 0.489699 0.785210 0.691997 0.051532
2 0.489864 0.326895 0.682915 0.049581
2 0.489918 0.176891 0.679940 0.051166
2 0.489936 0.127179 0.678954 0.051688
2 0.489972 0.028187 0.676991 0.052721
2 0.489954 0.077612 0.677971 0.052206
