2 0.476043 0.929190 0.681185 0.049028
2 0.476054 0.878651 0.680885 0.048759
3 0.476065 0.802999 0.680586 0.098807
3 0.476086 0.702187 0.679988 0.098184
1 0.476108 0.626623 0.679392 0.047422
1 0.476119 0.576350 0.679094 0.047156
2 0.476205 0.175642 0.676720 0.048030
2 0.476129 0.526102 0.678796 0.046927
2 0.476162 0.375593 0.677905 0.047303
2 0.476226 0.075929 0.676129 0.048391
2 0.476140 0.475831 0.678499 0.046937
2 0.476151 0.425690 0.678202 0.047120
2 0.476194 0.225564 0.677016 0.047849
2 0.476183 0.275530 0.677312 0.047667
2 0.476237 0.026137 0.675834 0.048571
