0 0.478250 0.965815 0.554151 0.041014
2 0.478269 0.924461 0.553662 0.040719
2 0.478305 0.841972 0.552688 0.040133
2 0.478324 0.800836 0.552202 0.039841
2 0.478342 0.759773 0.551717 0.039550
2 0.478361 0.718781 0.551233 0.039260
2 0.478379 0.677862 0.550750 0.038971
2 0.478397 0.637014 0.550267 0.038683
2 0.478434 0.555532 0.549305 0.038109
2 0.478452 0.514829 0.548825 0.037963
2 0.478470 0.474234 0.548346 0.038051
3 0.478506 0.373107 0.547390 0.078779
3 0.478560 0.252370 0.545963 0.079018
1 0.478596 0.192265 0.545015 0.039099
1 0.478614 0.152264 0.544543 0.039247
2 0.478632 0.112331 0.544071 0.039394
2 0.478488 0.433742 0.547868 0.038202
2 0.478415 0.596238 0.549786 0.038396
2 0.478542 0.312689 0.546438 0.038653
