0 0.462304 0.954788 0.791445 0.056267
2 0.462182 0.838917 0.793940 0.056039
2 0.462121 0.780707 0.795194 0.055923
2 0.462059 0.722313 0.796452 0.055806
2 0.461936 0.604970 0.798979 0.055570
2 0.461812 0.486856 0.801523 0.055378
2 0.461749 0.427414 0.802800 0.055624
2 0.461686 0.367897 0.804082 0.056101
2 0.461624 0.308190 0.805368 0.056580
2 0.461560 0.248292 0.806658 0.057063
2 0.461434 0.127918 0.809251 0.058036
2 0.461370 0.067441 0.810554 0.058527
2 0.461998 0.663734 0.797713 0.055689
2 0.461497 0.188201 0.807953 0.057548
