2 0.517832 0.934010 0.786339 0.062556
2 0.517840 0.875968 0.786615 0.061484
2 0.517847 0.817885 0.786891 0.060410
2 0.517855 0.759761 0.787167 0.059334
2 0.517862 0.701597 0.787444 0.058258
2 0.517870 0.643391 0.787720 0.057179
3 0.517885 0.556272 0.788274 0.113846
3 0.517900 0.438553 0.788828 0.113889
1 0.517908 0.351226 0.789106 0.057220
1 0.517916 0.292774 0.789384 0.058384
2 0.517939 0.117171 0.790218 0.061887
2 0.517946 0.058555 0.790496 0.063058
2 0.517923 0.234281 0.789661 0.059550
2 0.517931 0.175747 0.789940 0.060717
