2 0.507343 0.948467 0.840664 0.011817
2 0.507281 0.851447 0.836898 0.067643
2 0.507166 0.726097 0.829932 0.062730
2 0.507110 0.664200 0.826492 0.060331
2 0.507055 0.602813 0.823081 0.057969
2 0.507000 0.541070 0.819697 0.057434
2 0.506946 0.480699 0.816342 0.058801
2 0.506892 0.420818 0.813013 0.060144
2 0.506839 0.361423 0.809712 0.061463
2 0.506787 0.302508 0.806437 0.062759
2 0.506736 0.244066 0.803189 0.064032
2 0.506634 0.128580 0.796771 0.066512
2 0.506584 0.071525 0.793600 0.067719
3 0.506535 0.041585 0.790454 0.015580
2 0.507339 0.914913 0.840425 0.070158
2 0.506685 0.186092 0.799967 0.065283
2 0.507223 0.788510 0.833401 0.065167
