0 0.515738 0.961834 0.537540 0.040834
2 0.515741 0.922141 0.537650 0.040525
0 0.515744 0.882433 0.537759 0.040215
2 0.515750 0.802967 0.537979 0.039595
0 0.515756 0.723436 0.538199 0.038974
2 0.515762 0.643840 0.538419 0.038352
2 0.515768 0.564179 0.538639 0.037729
2 0.515771 0.524324 0.538749 0.037417
2 0.515774 0.484334 0.538859 0.037344
2 0.515780 0.404509 0.539079 0.037963
2 0.515783 0.364589 0.539190 0.038306
2 0.515786 0.324652 0.539300 0.038650
2 0.515789 0.284699 0.539410 0.038994
2 0.515792 0.244730 0.539521 0.039338
3 0.515798 0.184657 0.539742 0.079857
3 0.515804 0.104620 0.539963 0.080580
1 0.515807 0.044637 0.540073 0.041063
2 0.515753 0.763209 0.538089 0.039285
