2 0.496360 0.942072 0.573367 0.042777
0 0.496377 0.856050 0.571213 0.041925
2 0.496394 0.770672 0.569074 0.041085
2 0.496410 0.685930 0.566952 0.040255
2 0.496419 0.643795 0.565896 0.039845
2 0.496427 0.601817 0.564845 0.039437
2 0.496435 0.559985 0.563797 0.039051
2 0.496444 0.518207 0.562754 0.038942
2 0.496452 0.476694 0.561714 0.039056
2 0.496460 0.435334 0.560678 0.039168
2 0.496476 0.353069 0.558618 0.039389
2 0.496484 0.312163 0.557593 0.039498
2 0.496492 0.271406 0.556572 0.039606
3 0.496500 0.210542 0.555555 0.080225
3 0.496516 0.129917 0.553532 0.080141
1 0.496532 0.069840 0.551524 0.040130
1 0.496539 0.029964 0.550525 0.040232
2 0.496402 0.728222 0.568011 0.040669
