2 0.510358 0.940594 0.695078 0.054098
2 0.510339 0.888646 0.694048 0.053238
2 0.510320 0.836851 0.693021 0.052383
2 0.510283 0.733720 0.690976 0.050687
3 0.510264 0.656998 0.689958 0.100614
3 0.510209 0.503591 0.686922 0.098714
1 0.510172 0.427629 0.684912 0.048507
1 0.510154 0.377188 0.683912 0.049046
2 0.510100 0.226747 0.680929 0.050641
2 0.510227 0.580159 0.687931 0.048178
2 0.510301 0.785210 0.691997 0.051532
2 0.510136 0.326895 0.682915 0.049581
2 0.510082 0.176891 0.679940 0.051166
2 0.510064 0.127179 0.678954 0.051688
2 0.510028 0.028187 0.676991 0.052721
2 0.510046 0.077612 0.677971 0.052206
