2 0.474535 0.898433 0.655897 0.052594
2 0.474486 0.850572 0.657013 0.051904
2 0.474438 0.802547 0.658133 0.051210
2 0.474340 0.706006 0.660385 0.049806
2 0.474291 0.657488 0.661516 0.049097
2 0.474193 0.559952 0.663791 0.047662
2 0.474143 0.510932 0.664934 0.046937
2 0.474093 0.461663 0.666081 0.046368
2 0.474044 0.411967 0.667233 0.046752
3 0.473893 0.287525 0.670710 0.099293
3 0.473791 0.187422 0.673049 0.101804
1 0.473740 0.112184 0.674224 0.053221
1 0.473688 0.061609 0.675404 0.054324
2 0.474389 0.754359 0.659257 0.050511
2 0.473993 0.362435 0.668388 0.047812
2 0.474583 0.946132 0.654785 0.053278
2 0.474242 0.608804 0.662652 0.048382
