2 0.521663 0.937049 0.690046 0.057718
2 0.521597 0.834121 0.688265 0.055023
2 0.521531 0.731723 0.686492 0.052355
2 0.521498 0.680721 0.685609 0.051030
2 0.521433 0.579110 0.683850 0.048402
2 0.521368 0.477471 0.682100 0.048234
2 0.521335 0.427121 0.681229 0.049285
2 0.521271 0.326806 0.679492 0.051372
3 0.521207 0.201889 0.677764 0.103662
3 0.521143 0.102718 0.676046 0.105448
1 0.521080 0.028904 0.674335 0.057502
2 0.521303 0.376900 0.680359 0.050331
2 0.521666 0.964303 0.690107 0.010258
2 0.521630 0.885519 0.689154 0.056367
