2 0.519115 0.957682 0.633362 0.051461
2 0.519135 0.911209 0.633929 0.050758
2 0.519154 0.864653 0.634497 0.050052
2 0.519174 0.818013 0.635067 0.049344
2 0.519194 0.771290 0.635637 0.048633
2 0.519213 0.724483 0.636209 0.047919
2 0.519233 0.677591 0.636781 0.047203
2 0.519273 0.583555 0.637929 0.045763
2 0.519292 0.536409 0.638505 0.045039
3 0.519352 0.417561 0.640238 0.092599
3 0.519392 0.322583 0.641398 0.094561
1 0.519432 0.203612 0.642563 0.049242
1 0.519453 0.155778 0.643147 0.050150
2 0.519253 0.630615 0.637355 0.046484
2 0.519493 0.059850 0.644318 0.051976
2 0.519312 0.489103 0.639082 0.044463
