2 0.511608 0.950128 0.586868 0.041780
2 0.511618 0.907079 0.587353 0.041696
3 0.511638 0.842384 0.588326 0.084762
3 0.511658 0.755858 0.589301 0.084736
1 0.511679 0.647283 0.590281 0.041187
1 0.511689 0.603732 0.590771 0.041101
2 0.511750 0.340823 0.593733 0.041538
2 0.511802 0.119772 0.596225 0.042674
2 0.511791 0.164130 0.595725 0.042446
2 0.511669 0.690762 0.589791 0.041273
2 0.511699 0.560108 0.591263 0.041014
2 0.511709 0.516412 0.591755 0.040928
2 0.511781 0.208414 0.595226 0.042218
2 0.511719 0.472600 0.592249 0.040925
2 0.511730 0.428728 0.592743 0.041088
2 0.511771 0.252625 0.594727 0.041991
