2 0.525465 0.898433 0.655897 0.052594
2 0.525514 0.850572 0.657013 0.051904
2 0.525562 0.802547 0.658133 0.051210
2 0.525660 0.706006 0.660385 0.049806
2 0.525709 0.657488 0.661516 0.049097
2 0.525807 0.559952 0.663791 0.047662
2 0.525857 0.510932 0.664934 0.046937
2 0.525907 0.461663 0.666081 0.046368
2 0.525956 0.411967 0.667233 0.046752
3 0.526107 0.287525 0.670710 0.099293
3 0.526209 0.187422 0.673049 0.101804
1 0.526260 0.112184 0.674224 0.053221
1 0.526312 0.061609 0.675404 0.054324
2 0.525611 0.754359 0.659257 0.050511
2 0.526007 0.362435 0.668388 0.047812
2 0.525417 0.946132 0.654785 0.053278
2 0.525758 0.608804 0.662652 0.048382
