2 0.485883 0.945213 0.570977 0.040216
2 0.485905 0.902400 0.570070 0.040065
2 0.485928 0.859721 0.569166 0.039915
2 0.485950 0.817178 0.568265 0.039766
2 0.485973 0.774770 0.567367 0.039617
2 0.485995 0.732495 0.566472 0.039469
3 0.486017 0.669385 0.565580 0.081258
3 0.486061 0.585629 0.563804 0.080704
1 0.486105 0.523094 0.562038 0.038760
1 0.486127 0.481607 0.561160 0.038660
2 0.486256 0.235389 0.555946 0.038079
2 0.486235 0.276107 0.556808 0.038175
2 0.486278 0.194796 0.555087 0.037984
2 0.486363 0.033673 0.551675 0.037606
2 0.486192 0.357924 0.558541 0.038368
2 0.486342 0.073768 0.552524 0.037700
