2 0.504207 0.961226 0.617336 0.049039
2 0.504207 0.915564 0.617387 0.048410
2 0.504207 0.869893 0.617439 0.047781
2 0.504208 0.778530 0.617541 0.046522
2 0.504208 0.732837 0.617592 0.045891
2 0.504208 0.641428 0.617694 0.044631
3 0.504208 0.573009 0.617796 0.089408
3 0.504209 0.435188 0.617949 0.089279
1 0.504209 0.366723 0.618001 0.044501
1 0.504209 0.320962 0.618052 0.045147
2 0.504209 0.275193 0.618103 0.045793
2 0.504208 0.687137 0.617643 0.045261
2 0.504210 0.137842 0.618256 0.047733
2 0.504210 0.092042 0.618308 0.048381
2 0.504210 0.183633 0.618205 0.047086
2 0.504210 0.229417 0.618154 0.046440
2 0.504209 0.504153 0.617847 0.042949
