2 0.513316 0.968170 0.629381 0.048654
2 0.513331 0.922041 0.629987 0.048216
2 0.513360 0.829518 0.631200 0.047335
2 0.513375 0.783123 0.631809 0.046891
2 0.513389 0.736638 0.632419 0.046446
2 0.513404 0.690064 0.633030 0.045999
2 0.513434 0.596645 0.634255 0.045099
2 0.513448 0.549799 0.634870 0.044647
2 0.513463 0.502863 0.635485 0.044192
2 0.513478 0.455628 0.636102 0.044153
2 0.513493 0.408464 0.636720 0.044692
2 0.513508 0.361253 0.637340 0.045323
2 0.513523 0.313950 0.637960 0.045957
3 0.513553 0.242651 0.639205 0.094399
3 0.513583 0.147489 0.640455 0.095866
1 0.513598 0.076047 0.641081 0.049160
1 0.513613 0.028187 0.641709 0.049808
2 0.513419 0.643399 0.633642 0.045550
