2 0.476797 0.890557 0.615944 0.046287
0 0.476849 0.844367 0.614649 0.045680
2 0.476952 0.752568 0.612075 0.044480
2 0.477003 0.706955 0.610796 0.043887
2 0.477054 0.661533 0.609522 0.043298
2 0.477155 0.571253 0.606991 0.042134
2 0.477205 0.526207 0.605733 0.041937
2 0.477255 0.481534 0.604480 0.042163
2 0.477354 0.392740 0.601991 0.042610
2 0.477403 0.348617 0.600753 0.042829
2 0.477452 0.304674 0.599521 0.043047
2 0.477501 0.260910 0.598294 0.043262
3 0.477598 0.152251 0.595855 0.087022
3 0.477695 0.066140 0.593436 0.087087
2 0.477550 0.217326 0.597072 0.043476
2 0.477304 0.437046 0.603233 0.042388
