0 0.492738 0.959283 0.550215 0.040679
2 0.492756 0.877096 0.548970 0.040070
0 0.492765 0.836142 0.548350 0.039767
2 0.492774 0.795281 0.547731 0.039466
0 0.492792 0.713833 0.546497 0.038867
2 0.492810 0.632752 0.545269 0.038273
2 0.492819 0.592348 0.544657 0.037978
2 0.492828 0.552034 0.544046 0.037684
2 0.492837 0.511723 0.543437 0.037567
2 0.492845 0.471580 0.542829 0.037672
2 0.492863 0.391583 0.541617 0.037918
2 0.492880 0.311941 0.540411 0.038161
2 0.492889 0.272254 0.539809 0.038282
2 0.492898 0.232654 0.539209 0.038402
2 0.492906 0.193142 0.538611 0.038521
2 0.492915 0.153718 0.538014 0.038640
3 0.492932 0.055520 0.536823 0.078098
2 0.492854 0.431537 0.542222 0.037795
2 0.492783 0.754511 0.547113 0.039166
2 0.492872 0.351718 0.541013 0.038040
