2 0.527528 0.972374 0.678147 0.049212
2 0.527518 0.922049 0.677895 0.048929
2 0.527508 0.871760 0.677643 0.048647
2 0.527489 0.771296 0.677140 0.048084
2 0.527479 0.721120 0.676889 0.047803
2 0.527459 0.620880 0.676387 0.047243
2 0.527449 0.570815 0.676136 0.046963
3 0.527439 0.495706 0.675885 0.096847
3 0.527419 0.395720 0.675385 0.097031
1 0.527390 0.271092 0.674636 0.047637
1 0.527380 0.221287 0.674386 0.047845
2 0.527341 0.023678 0.673390 0.046181
2 0.527370 0.171518 0.674137 0.048053
2 0.527469 0.670981 0.676637 0.047523
2 0.527351 0.072091 0.673639 0.048468
2 0.527400 0.320935 0.674885 0.047428
2 0.527499 0.821510 0.677391 0.048366
