2 0.478438 0.936663 0.714640 0.051056
2 0.478405 0.884433 0.715694 0.050937
2 0.478338 0.779510 0.717813 0.050695
2 0.478305 0.726816 0.718877 0.050573
2 0.478271 0.673965 0.719944 0.050450
2 0.478238 0.620958 0.721014 0.050326
2 0.478170 0.514468 0.723165 0.050076
2 0.478136 0.460919 0.724245 0.050081
3 0.478033 0.326318 0.727504 0.104992
3 0.477964 0.218061 0.729693 0.106184
1 0.477895 0.081954 0.731895 0.052991
1 0.477860 0.027171 0.733002 0.053435
2 0.478204 0.567792 0.722088 0.050202
2 0.477930 0.136572 0.730792 0.052550
