2 0.499720 0.915921 0.665392 0.049806
2 0.499720 0.817380 0.665227 0.048864
2 0.499720 0.768129 0.665144 0.048393
2 0.499721 0.718889 0.665061 0.047923
2 0.499721 0.669662 0.664978 0.047453
2 0.499721 0.620447 0.664896 0.046983
2 0.499721 0.571244 0.664813 0.046514
3 0.499721 0.497334 0.664730 0.095483
3 0.499722 0.398808 0.664565 0.095962
1 0.499723 0.276072 0.664317 0.047922
1 0.499723 0.226955 0.664234 0.048368
2 0.499722 0.325201 0.664400 0.047477
2 0.499723 0.177850 0.664152 0.048812
2 0.499723 0.128758 0.664069 0.049257
2 0.499724 0.030609 0.663904 0.050146
2 0.499723 0.079677 0.663987 0.049702
2 0.499720 0.866644 0.665310 0.049335
