2 0.528660 0.959538 0.648204 0.052412
2 0.528599 0.910878 0.646951 0.051395
2 0.528538 0.862405 0.645702 0.050385
3 0.528478 0.790317 0.644458 0.096986
3 0.528359 0.694481 0.641985 0.094643
1 0.528240 0.622818 0.639530 0.045447
1 0.528181 0.575448 0.638310 0.044480
2 0.528064 0.480883 0.635883 0.044944
2 0.528005 0.434054 0.634676 0.045559
2 0.527661 0.156760 0.627533 0.049141
2 0.527947 0.387401 0.633475 0.046168
2 0.527890 0.340925 0.632277 0.046772
2 0.527492 0.024969 0.624021 0.041803
2 0.527832 0.294623 0.631085 0.047371
