2 0.497285 0.947102 0.755874 0.056343
2 0.497293 0.890575 0.754523 0.055630
2 0.497301 0.834250 0.753177 0.054923
2 0.497309 0.778125 0.751836 0.054220
2 0.497317 0.722199 0.750499 0.053522
2 0.497332 0.610942 0.747841 0.052139
2 0.497340 0.555464 0.746518 0.051744
2 0.497348 0.500239 0.745200 0.051885
2 0.497355 0.445296 0.743887 0.052200
2 0.497371 0.335989 0.741275 0.052821
3 0.497378 0.254458 0.739976 0.107456
3 0.497400 0.092780 0.736105 0.107795
2 0.497325 0.666472 0.749168 0.052828
2 0.497363 0.390546 0.742579 0.052512
2 0.497393 0.173459 0.737391 0.053734
