2 0.519296 0.898652 0.614191 0.042784
2 0.519286 0.853048 0.613871 0.042712
2 0.519266 0.761982 0.613233 0.042568
2 0.519247 0.671105 0.612597 0.042426
2 0.519237 0.625737 0.612279 0.042354
2 0.519227 0.580417 0.611962 0.042283
2 0.519217 0.535143 0.611645 0.042212
2 0.519207 0.489903 0.611328 0.042171
3 0.519197 0.422161 0.611012 0.087279
3 0.519177 0.331987 0.610380 0.087153
1 0.519157 0.264469 0.609749 0.042088
1 0.519148 0.219522 0.609434 0.042072
2 0.519118 0.084959 0.608492 0.042022
2 0.519128 0.129767 0.608806 0.042039
2 0.519276 0.807491 0.613552 0.042640
2 0.519108 0.040197 0.608178 0.042006
2 0.519256 0.716520 0.612915 0.042497
