2 0.508085 0.969968 0.807475 0.055514
2 0.508018 0.913390 0.807321 0.061333
2 0.508016 0.853517 0.807036 0.060478
2 0.508014 0.793687 0.806751 0.059624
2 0.508012 0.733898 0.806467 0.058771
2 0.508010 0.674152 0.806182 0.057919
2 0.508008 0.614448 0.805898 0.057069
3 0.508007 0.524894 0.805614 0.116002
3 0.508003 0.405251 0.805047 0.116479
1 0.507999 0.316181 0.804480 0.058094
1 0.507997 0.256729 0.804198 0.058859
2 0.507992 0.078624 0.803350 0.061149
2 0.507995 0.197319 0.803915 0.059623
2 0.507994 0.137951 0.803632 0.060387
