2 0.516226 0.963300 0.639311 0.049958
2 0.516159 0.867516 0.636958 0.048422
2 0.516126 0.819887 0.635788 0.047662
2 0.516093 0.772433 0.634622 0.046907
2 0.516060 0.725152 0.633461 0.046157
3 0.516027 0.654760 0.632304 0.091980
3 0.515929 0.514214 0.628858 0.090271
1 0.515865 0.444797 0.626581 0.044358
1 0.515833 0.398706 0.625449 0.044762
2 0.515674 0.170726 0.619849 0.046733
2 0.515580 0.035885 0.616537 0.047879
2 0.515705 0.215995 0.620961 0.046345
2 0.516193 0.915320 0.638132 0.049187
2 0.515962 0.584341 0.630002 0.043939
2 0.515643 0.125618 0.618741 0.047118
