2 0.480267 0.962706 0.808154 0.012972
2 0.480233 0.931430 0.809236 0.067439
2 0.480199 0.872068 0.810322 0.066045
2 0.480166 0.812548 0.811411 0.064643
2 0.480132 0.752867 0.812502 0.063234
2 0.480064 0.633023 0.814694 0.060391
2 0.479995 0.512532 0.816898 0.057517
2 0.479961 0.451457 0.818004 0.057239
2 0.479926 0.390635 0.819113 0.058676
3 0.479857 0.298873 0.821341 0.122328
3 0.479787 0.176561 0.823581 0.126244
1 0.479996 0.029537 0.825274 0.056798
2 0.480030 0.572859 0.815794 0.058958
2 0.480098 0.693026 0.813597 0.061816
