2 0.489880 0.949241 0.885730 0.011070
2 0.489857 0.914911 0.887052 0.070883
2 0.489812 0.784563 0.889708 0.068274
2 0.489789 0.719096 0.891042 0.066958
2 0.489766 0.653432 0.892380 0.065633
2 0.489719 0.521513 0.895068 0.062958
2 0.489696 0.454757 0.896418 0.062605
2 0.489673 0.388074 0.897772 0.063896
2 0.489649 0.321411 0.899130 0.065639
2 0.489625 0.254545 0.900493 0.067391
3 0.489578 0.153398 0.903230 0.137312
3 0.489552 0.017029 0.904698 0.010544
2 0.489743 0.587572 0.893722 0.064300
2 0.489835 0.849834 0.888378 0.069583
2 0.489554 0.052730 0.904605 0.072712
