2 0.471340 0.959538 0.648204 0.052412
2 0.471401 0.910878 0.646951 0.051395
2 0.471462 0.862405 0.645702 0.050385
3 0.471522 0.790317 0.644458 0.096986
3 0.471641 0.694481 0.641985 0.094643
1 0.471760 0.622818 0.639530 0.045447
1 0.471819 0.575448 0.638310 0.044480
2 0.471936 0.480883 0.635883 0.044944
2 0.471995 0.434054 0.634676 0.045559
2 0.472339 0.156760 0.627533 0.049141
2 0.472053 0.387401 0.633475 0.046168
2 0.472110 0.340925 0.632277 0.046772
2 0.472508 0.024969 0.624021 0.041803
2 0.472168 0.294623 0.631085 0.047371
