2 0.508126 0.948758 0.660899 0.050702
2 0.508133 0.900191 0.661408 0.050208
2 0.508141 0.851549 0.661919 0.049713
2 0.508149 0.802832 0.662430 0.049216
2 0.508157 0.754039 0.662942 0.048718
2 0.508172 0.656228 0.663968 0.047716
3 0.508188 0.582788 0.664998 0.096055
3 0.508204 0.484175 0.666031 0.095736
1 0.508212 0.410099 0.666548 0.046887
1 0.508220 0.360698 0.667067 0.047542
2 0.508235 0.261664 0.668106 0.048858
2 0.508243 0.212031 0.668627 0.049518
2 0.508259 0.112533 0.669671 0.050846
2 0.508165 0.705172 0.663455 0.048217
2 0.508251 0.162321 0.669148 0.050181
