2 0.492657 0.948467 0.840664 0.011817
2 0.492719 0.851447 0.836898 0.067643
2 0.492834 0.726097 0.829932 0.062730
2 0.492890 0.664200 0.826492 0.060331
2 0.492945 0.602813 0.823081 0.057969
2 0.493000 0.541070 0.819697 0.057434
2 0.493054 0.480699 0.816342 0.058801
2 0.493108 0.420818 0.813013 0.060144
2 0.493161 0.361423 0.809712 0.061463
2 0.493213 0.302508 0.806437 0.062759
2 0.493264 0.244066 0.803189 0.064032
2 0.493366 0.128580 0.796771 0.066512
2 0.493416 0.071525 0.793600 0.067719
3 0.493465 0.041585 0.790454 0.015580
2 0.492661 0.914913 0.840425 0.070158
2 0.493315 0.186092 0.799967 0.065283
2 0.492777 0.788510 0.833401 0.065167
