2 0.508969 0.904305 0.690309 0.048283
0 0.508959 0.801857 0.689499 0.048049
2 0.508954 0.750724 0.689096 0.047933
2 0.508949 0.699650 0.688692 0.047816
2 0.508944 0.648636 0.688289 0.047700
2 0.508939 0.597682 0.687886 0.047585
2 0.508928 0.495924 0.687083 0.047409
2 0.508923 0.445148 0.686682 0.047412
2 0.508918 0.394431 0.686281 0.047416
3 0.508913 0.318473 0.685881 0.098022
3 0.508903 0.217394 0.685082 0.097913
1 0.508888 0.091369 0.683887 0.047442
1 0.508883 0.041064 0.683489 0.047447
2 0.508933 0.546787 0.687484 0.047469
2 0.508964 0.853051 0.689904 0.048166
2 0.508893 0.141732 0.684285 0.047438
