2 0.518664 0.966684 0.681771 0.050343
2 0.518633 0.915574 0.680548 0.049851
2 0.518601 0.864648 0.679328 0.049362
2 0.518570 0.813903 0.678114 0.048877
3 0.518539 0.738268 0.676903 0.098538
3 0.518476 0.637858 0.674495 0.097228
1 0.518414 0.562852 0.672104 0.046547
1 0.518384 0.513064 0.670915 0.046454
2 0.518082 0.025842 0.659251 0.047777
2 0.518141 0.121928 0.661551 0.047522
2 0.518201 0.218685 0.663868 0.047262
2 0.518353 0.463568 0.669730 0.046592
2 0.518262 0.316123 0.666200 0.046997
2 0.518292 0.365098 0.667373 0.046863
