2 0.530089 0.974835 0.583871 0.046190
2 0.530090 0.931672 0.583902 0.045656
2 0.530092 0.888505 0.583934 0.045122
2 0.530095 0.802156 0.583997 0.044054
3 0.530099 0.737516 0.584060 0.086439
3 0.530104 0.607937 0.584154 0.084849
1 0.530106 0.542999 0.584186 0.040848
1 0.530108 0.499671 0.584217 0.040550
2 0.530111 0.413106 0.584280 0.041372
2 0.530114 0.326655 0.584343 0.042459
2 0.530116 0.283422 0.584375 0.043003
2 0.530126 0.023929 0.584564 0.046271
2 0.530123 0.110446 0.584501 0.045181
2 0.530118 0.240185 0.584406 0.043548
2 0.530094 0.845333 0.583965 0.044588
2 0.530101 0.672599 0.584091 0.042451
2 0.530113 0.369883 0.584312 0.041915
