2 0.469911 0.974835 0.583871 0.046190
2 0.469910 0.931672 0.583902 0.045656
2 0.469908 0.888505 0.583934 0.045122
2 0.469905 0.802156 0.583997 0.044054
3 0.469901 0.737516 0.584060 0.086439
3 0.469896 0.607937 0.584154 0.084849
1 0.469894 0.542999 0.584186 0.040848
1 0.469892 0.499671 0.584217 0.040550
2 0.469889 0.413106 0.584280 0.041372
2 0.469886 0.326655 0.584343 0.042459
2 0.469884 0.283422 0.584375 0.043003
2 0.469874 0.023929 0.584564 0.046271
2 0.469877 0.110446 0.584501 0.045181
2 0.469882 0.240185 0.584406 0.043548
2 0.469906 0.845333 0.583965 0.044588
2 0.469899 0.672599 0.584091 0.042451
2 0.469887 0.369883 0.584312 0.041915
