0 0.516614 0.934475 0.687056 0.050307
2 0.516593 0.832406 0.686158 0.049528
0 0.516583 0.781471 0.685709 0.049139
2 0.516563 0.679801 0.684814 0.048366
2 0.516553 0.629065 0.684367 0.047980
2 0.516543 0.578396 0.683921 0.047596
2 0.516523 0.477105 0.683031 0.047370
2 0.516503 0.376228 0.682143 0.047887
2 0.516493 0.325888 0.681699 0.048145
2 0.516473 0.225403 0.680815 0.048658
2 0.516453 0.125179 0.679933 0.049169
2 0.516433 0.025214 0.679052 0.049676
2 0.516483 0.275613 0.681257 0.048402
2 0.516533 0.527743 0.683476 0.047311
2 0.516443 0.075164 0.679492 0.049423
