2 0.486529 0.978271 0.607489 0.041708
2 0.486523 0.891088 0.607442 0.046209
2 0.486524 0.801175 0.607379 0.045212
2 0.486525 0.756226 0.607347 0.044714
2 0.486527 0.666341 0.607285 0.043718
2 0.486527 0.621405 0.607253 0.043220
2 0.486529 0.531548 0.607190 0.042225
2 0.486530 0.441479 0.607128 0.042543
3 0.486531 0.373991 0.607096 0.088184
3 0.486533 0.284185 0.607033 0.089151
1 0.486534 0.216964 0.606971 0.044985
1 0.486535 0.172075 0.606939 0.045473
2 0.486522 0.936052 0.607473 0.046707
2 0.486526 0.711281 0.607316 0.044216
2 0.486537 0.082311 0.606877 0.046450
2 0.486537 0.037436 0.606845 0.046937
2 0.486523 0.846130 0.607410 0.045710
2 0.486530 0.486430 0.607159 0.042121
