2 0.500109 0.978310 0.578214 0.041868
2 0.500110 0.936019 0.578814 0.041745
2 0.500111 0.893640 0.579414 0.041621
2 0.500112 0.851173 0.580016 0.041496
2 0.500112 0.808618 0.580619 0.041371
2 0.500113 0.765974 0.581224 0.041245
2 0.500114 0.723242 0.581829 0.041118
2 0.500115 0.680420 0.582436 0.040991
2 0.500116 0.637509 0.583044 0.040863
2 0.500117 0.594509 0.583654 0.040735
3 0.500119 0.529860 0.584877 0.083722
3 0.500120 0.443134 0.586105 0.084010
1 0.500121 0.378050 0.586720 0.041050
1 0.500122 0.334505 0.587338 0.041353
2 0.500128 0.071300 0.591068 0.043195
2 0.500126 0.159405 0.589819 0.042576
2 0.500124 0.247139 0.588576 0.041962
2 0.500127 0.115399 0.590443 0.042885
