2 0.472472 0.972374 0.678147 0.049212
2 0.472482 0.922049 0.677895 0.048929
2 0.472492 0.871760 0.677643 0.048647
2 0.472511 0.771296 0.677140 0.048084
2 0.472521 0.721120 0.676889 0.047803
2 0.472541 0.620880 0.676387 0.047243
2 0.472551 0.570815 0.676136 0.046963
3 0.472561 0.495706 0.675885 0.096847
3 0.472581 0.395720 0.675385 0.097031
1 0.472610 0.271092 0.674636 0.047637
1 0.472620 0.221287 0.674386 0.047845
2 0.472659 0.023678 0.673390 0.046181
2 0.472630 0.171518 0.674137 0.048053
2 0.472531 0.670981 0.676637 0.047523
2 0.472649 0.072091 0.673639 0.048468
2 0.472600 0.320935 0.674885 0.047428
2 0.472501 0.821510 0.677391 0.048366
