2 0.499891 0.978310 0.578214 0.041868
2 0.499890 0.936019 0.578814 0.041745
2 0.499889 0.893640 0.579414 0.041621
2 0.499888 0.851173 0.580016 0.041496
2 0.499888 0.808618 0.580619 0.041371
2 0.499887 0.765974 0.581224 0.041245
2 0.499886 0.723242 0.581829 0.041118
2 0.499885 0.680420 0.582436 0.040991
2 0.499884 0.637509 0.583044 0.040863
2 0.499883 0.594509 0.583654 0.040735
3 0.499881 0.529860 0.584877 0.083722
3 0.499880 0.443134 0.586105 0.084010
1 0.499879 0.378050 0.586720 0.041050
1 0.499878 0.334505 0.587338 0.041353
2 0.499872 0.071300 0.591068 0.043195
2 0.499874 0.159405 0.589819 0.042576
2 0.499876 0.247139 0.588576 0.041962
2 0.499873 0.115399 0.590443 0.042885
