0 0.499864 0.963613 0.646088 0.049106
2 0.499860 0.866854 0.643809 0.047905
0 0.499855 0.770774 0.641545 0.046719
2 0.499853 0.722987 0.640419 0.046132
2 0.499851 0.675367 0.639297 0.045549
2 0.499846 0.580626 0.637066 0.044393
2 0.499844 0.533382 0.635955 0.044064
2 0.499842 0.486350 0.634849 0.044180
2 0.499840 0.439555 0.633747 0.044442
2 0.499837 0.392922 0.632648 0.044701
3 0.499835 0.323231 0.631553 0.091397
3 0.499829 0.185015 0.628292 0.091678
1 0.499823 0.070961 0.625064 0.046460
1 0.499821 0.025595 0.623995 0.046703
2 0.499848 0.627914 0.638180 0.044969
2 0.499857 0.818730 0.642675 0.047310
