2 0.534919 0.972207 0.720846 0.055422
2 0.534878 0.918472 0.720048 0.054657
2 0.534837 0.864855 0.719252 0.053895
2 0.534796 0.811357 0.718458 0.053137
2 0.534755 0.757977 0.717666 0.052381
2 0.534715 0.704714 0.716875 0.051629
2 0.534674 0.651568 0.716086 0.050880
2 0.534593 0.545529 0.714513 0.049586
2 0.534553 0.492536 0.713730 0.049714
3 0.534513 0.413444 0.712948 0.103059
3 0.534433 0.308545 0.711389 0.103863
1 0.534353 0.230284 0.709837 0.052296
1 0.534313 0.178177 0.709063 0.052805
2 0.534634 0.598539 0.715299 0.050134
2 0.534234 0.074301 0.707521 0.053817
2 0.534195 0.025720 0.706753 0.047945
2 0.534274 0.126182 0.708291 0.053313
