2 0.490779 0.896041 0.650720 0.049209
2 0.490808 0.799049 0.648970 0.047935
2 0.490823 0.750748 0.648098 0.047302
2 0.490837 0.702576 0.647229 0.046673
2 0.490866 0.606620 0.645497 0.045425
2 0.490881 0.558833 0.644635 0.044806
2 0.490895 0.510961 0.643775 0.044617
2 0.490910 0.463412 0.642917 0.044959
2 0.490924 0.416008 0.642062 0.045334
2 0.490938 0.368730 0.641209 0.045707
3 0.490952 0.297971 0.640358 0.093290
3 0.490981 0.204164 0.638663 0.093774
1 0.491009 0.134209 0.636977 0.047538
1 0.491023 0.087675 0.636137 0.047898
2 0.491037 0.041264 0.635300 0.048256
2 0.490793 0.847480 0.649844 0.048570
2 0.490852 0.654534 0.646362 0.046048
