2 0.515251 0.969605 0.660641 0.046881
2 0.515249 0.920687 0.660568 0.046739
2 0.515248 0.871779 0.660494 0.046597
3 0.515246 0.798475 0.660421 0.095270
3 0.515243 0.700725 0.660274 0.094965
1 0.515239 0.627404 0.660127 0.045889
1 0.515238 0.578561 0.660053 0.045747
2 0.515221 0.090673 0.659320 0.046551
2 0.515234 0.480849 0.659907 0.045586
2 0.515231 0.383239 0.659760 0.045826
2 0.515233 0.432038 0.659833 0.045705
2 0.515220 0.041950 0.659247 0.046671
2 0.515225 0.188152 0.659466 0.046309
2 0.515230 0.334451 0.659686 0.045947
