2 0.520090 0.947473 0.662169 0.047107
2 0.520074 0.898210 0.661659 0.046906
2 0.520042 0.799912 0.660642 0.046506
2 0.520027 0.750876 0.660134 0.046307
2 0.520011 0.701915 0.659628 0.046108
2 0.519995 0.653029 0.659122 0.045910
2 0.519980 0.604219 0.658617 0.045712
3 0.519964 0.531157 0.658113 0.094165
3 0.519933 0.433904 0.657107 0.093973
1 0.519902 0.361223 0.656103 0.045546
1 0.519886 0.312858 0.655603 0.045602
2 0.519840 0.168205 0.654106 0.045772
2 0.519794 0.024211 0.652617 0.045938
2 0.519825 0.120134 0.653609 0.045827
