2 0.467513 0.955544 0.608633 0.049060
2 0.467470 0.865985 0.609383 0.047776
2 0.467449 0.821123 0.609758 0.047132
2 0.467405 0.731233 0.610511 0.045839
2 0.467384 0.686205 0.610888 0.045190
2 0.467362 0.641121 0.611265 0.044540
2 0.467341 0.595982 0.611643 0.043888
2 0.467319 0.550786 0.612021 0.043234
3 0.467276 0.482701 0.612780 0.088246
3 0.467210 0.346182 0.613920 0.090027
1 0.467188 0.278103 0.614302 0.045703
1 0.467166 0.232513 0.614683 0.046474
2 0.467254 0.414533 0.613159 0.043401
2 0.467427 0.776206 0.610134 0.046487
2 0.467123 0.141164 0.615448 0.048022
2 0.467101 0.095404 0.615831 0.048799
