2 0.521562 0.936663 0.714640 0.051056
2 0.521595 0.884433 0.715694 0.050937
2 0.521662 0.779510 0.717813 0.050695
2 0.521695 0.726816 0.718877 0.050573
2 0.521729 0.673965 0.719944 0.050450
2 0.521762 0.620958 0.721014 0.050326
2 0.521830 0.514468 0.723165 0.050076
2 0.521864 0.460919 0.724245 0.050081
3 0.521967 0.326318 0.727504 0.104992
3 0.522036 0.218061 0.729693 0.106184
1 0.522105 0.081954 0.731895 0.052991
1 0.522140 0.027171 0.733002 0.053435
2 0.521796 0.567792 0.722088 0.050202
2 0.522070 0.136572 0.730792 0.052550
