2 0.526547 0.960120 0.797583 0.062927
2 0.526526 0.900847 0.797009 0.061820
2 0.526504 0.841659 0.796437 0.060716
2 0.526483 0.782556 0.795865 0.059615
2 0.526461 0.723537 0.795294 0.058518
2 0.526440 0.664604 0.794724 0.057423
2 0.526397 0.546989 0.793586 0.055243
3 0.526376 0.458309 0.793019 0.114273
3 0.526312 0.282899 0.791321 0.116789
1 0.526270 0.195693 0.790193 0.059818
1 0.526249 0.137514 0.789630 0.060731
2 0.526418 0.605754 0.794155 0.056331
2 0.526227 0.079417 0.789068 0.061641
2 0.526333 0.370730 0.791886 0.057063
