2 0.493166 0.975192 0.547448 0.041417
0 0.493183 0.893410 0.546268 0.040663
2 0.493199 0.811981 0.545092 0.039916
0 0.493208 0.771397 0.544506 0.039544
2 0.493216 0.730901 0.543922 0.039174
2 0.493224 0.690491 0.543338 0.038805
2 0.493233 0.650168 0.542756 0.038438
2 0.493241 0.609931 0.542175 0.038072
2 0.493249 0.569780 0.541595 0.037708
2 0.493258 0.529660 0.541017 0.037456
2 0.493266 0.489605 0.540440 0.037505
2 0.493274 0.449711 0.539864 0.037706
3 0.493282 0.389989 0.539289 0.077731
3 0.493306 0.271196 0.537572 0.078072
1 0.493331 0.172815 0.535866 0.039089
1 0.493339 0.133593 0.535300 0.039283
2 0.493347 0.094453 0.534735 0.039476
2 0.493174 0.934257 0.546857 0.041040
2 0.493355 0.055396 0.534171 0.039668
2 0.493298 0.330537 0.538143 0.038304
2 0.493323 0.212120 0.536434 0.038894
